  -1.0000000e+00  -9.0000000e-01  -8.0000000e-01  -7.0000000e-01  -6.0000000e-01  -5.0000000e-01  -4.0000000e-01  -3.0000000e-01  -2.0000000e-01  -1.0000000e-01   0.0000000e+00   1.0000000e-01   2.0000000e-01   3.0000000e-01   4.0000000e-01   5.0000000e-01   6.0000000e-01   7.0000000e-01   8.0000000e-01   9.0000000e-01   1.0000000e+00
  -1.0000000e+00  -9.0000000e-01  -8.0000000e-01  -7.0000000e-01  -6.0000000e-01  -5.0000000e-01  -4.0000000e-01  -3.0000000e-01  -2.0000000e-01  -1.0000000e-01   0.0000000e+00   1.0000000e-01   2.0000000e-01   3.0000000e-01   4.0000000e-01   5.0000000e-01   6.0000000e-01   7.0000000e-01   8.0000000e-01   9.0000000e-01   1.0000000e+00
  -1.0000000e+00  -9.0000000e-01  -8.0000000e-01  -7.0000000e-01  -6.0000000e-01  -5.0000000e-01  -4.0000000e-01  -3.0000000e-01  -2.0000000e-01  -1.0000000e-01   0.0000000e+00   1.0000000e-01   2.0000000e-01   3.0000000e-01   4.0000000e-01   5.0000000e-01   6.0000000e-01   7.0000000e-01   8.0000000e-01   9.0000000e-01   1.0000000e+00
  -1.0000000e+00  -9.0000000e-01  -8.0000000e-01  -7.0000000e-01  -6.0000000e-01  -5.0000000e-01  -4.0000000e-01  -3.0000000e-01  -2.0000000e-01  -1.0000000e-01   0.0000000e+00   1.0000000e-01   2.0000000e-01   3.0000000e-01   4.0000000e-01   5.0000000e-01   6.0000000e-01   7.0000000e-01   8.0000000e-01   9.0000000e-01   1.0000000e+00
  -1.0000000e+00  -9.0000000e-01  -8.0000000e-01  -7.0000000e-01  -6.0000000e-01  -5.0000000e-01  -4.0000000e-01  -3.0000000e-01  -2.0000000e-01  -1.0000000e-01   0.0000000e+00   1.0000000e-01   2.0000000e-01   3.0000000e-01   4.0000000e-01   5.0000000e-01   6.0000000e-01   7.0000000e-01   8.0000000e-01   9.0000000e-01   1.0000000e+00
  -1.0000000e+00  -9.0000000e-01  -8.0000000e-01  -7.0000000e-01  -6.0000000e-01  -5.0000000e-01  -4.0000000e-01  -3.0000000e-01  -2.0000000e-01  -1.0000000e-01   0.0000000e+00   1.0000000e-01   2.0000000e-01   3.0000000e-01   4.0000000e-01   5.0000000e-01   6.0000000e-01   7.0000000e-01   8.0000000e-01   9.0000000e-01   1.0000000e+00
  -1.0000000e+00  -9.0000000e-01  -8.0000000e-01  -7.0000000e-01  -6.0000000e-01  -5.0000000e-01  -4.0000000e-01  -3.0000000e-01  -2.0000000e-01  -1.0000000e-01   0.0000000e+00   1.0000000e-01   2.0000000e-01   3.0000000e-01   4.0000000e-01   5.0000000e-01   6.0000000e-01   7.0000000e-01   8.0000000e-01   9.0000000e-01   1.0000000e+00
  -1.0000000e+00  -9.0000000e-01  -8.0000000e-01  -7.0000000e-01  -6.0000000e-01  -5.0000000e-01  -4.0000000e-01  -3.0000000e-01  -2.0000000e-01  -1.0000000e-01   0.0000000e+00   1.0000000e-01   2.0000000e-01   3.0000000e-01   4.0000000e-01   5.0000000e-01   6.0000000e-01   7.0000000e-01   8.0000000e-01   9.0000000e-01   1.0000000e+00
  -1.0000000e+00  -9.0000000e-01  -8.0000000e-01  -7.0000000e-01  -6.0000000e-01  -5.0000000e-01  -4.0000000e-01  -3.0000000e-01  -2.0000000e-01  -1.0000000e-01   0.0000000e+00   1.0000000e-01   2.0000000e-01   3.0000000e-01   4.0000000e-01   5.0000000e-01   6.0000000e-01   7.0000000e-01   8.0000000e-01   9.0000000e-01   1.0000000e+00
  -1.0000000e+00  -9.0000000e-01  -8.0000000e-01  -7.0000000e-01  -6.0000000e-01  -5.0000000e-01  -4.0000000e-01  -3.0000000e-01  -2.0000000e-01  -1.0000000e-01   0.0000000e+00   1.0000000e-01   2.0000000e-01   3.0000000e-01   4.0000000e-01   5.0000000e-01   6.0000000e-01   7.0000000e-01   8.0000000e-01   9.0000000e-01   1.0000000e+00
  -1.0000000e+00  -9.0000000e-01  -8.0000000e-01  -7.0000000e-01  -6.0000000e-01  -5.0000000e-01  -4.0000000e-01  -3.0000000e-01  -2.0000000e-01  -1.0000000e-01   0.0000000e+00   1.0000000e-01   2.0000000e-01   3.0000000e-01   4.0000000e-01   5.0000000e-01   6.0000000e-01   7.0000000e-01   8.0000000e-01   9.0000000e-01   1.0000000e+00
  -1.0000000e+00  -9.0000000e-01  -8.0000000e-01  -7.0000000e-01  -6.0000000e-01  -5.0000000e-01  -4.0000000e-01  -3.0000000e-01  -2.0000000e-01  -1.0000000e-01   0.0000000e+00   1.0000000e-01   2.0000000e-01   3.0000000e-01   4.0000000e-01   5.0000000e-01   6.0000000e-01   7.0000000e-01   8.0000000e-01   9.0000000e-01   1.0000000e+00
  -1.0000000e+00  -9.0000000e-01  -8.0000000e-01  -7.0000000e-01  -6.0000000e-01  -5.0000000e-01  -4.0000000e-01  -3.0000000e-01  -2.0000000e-01  -1.0000000e-01   0.0000000e+00   1.0000000e-01   2.0000000e-01   3.0000000e-01   4.0000000e-01   5.0000000e-01   6.0000000e-01   7.0000000e-01   8.0000000e-01   9.0000000e-01   1.0000000e+00
  -1.0000000e+00  -9.0000000e-01  -8.0000000e-01  -7.0000000e-01  -6.0000000e-01  -5.0000000e-01  -4.0000000e-01  -3.0000000e-01  -2.0000000e-01  -1.0000000e-01   0.0000000e+00   1.0000000e-01   2.0000000e-01   3.0000000e-01   4.0000000e-01   5.0000000e-01   6.0000000e-01   7.0000000e-01   8.0000000e-01   9.0000000e-01   1.0000000e+00
  -1.0000000e+00  -9.0000000e-01  -8.0000000e-01  -7.0000000e-01  -6.0000000e-01  -5.0000000e-01  -4.0000000e-01  -3.0000000e-01  -2.0000000e-01  -1.0000000e-01   0.0000000e+00   1.0000000e-01   2.0000000e-01   3.0000000e-01   4.0000000e-01   5.0000000e-01   6.0000000e-01   7.0000000e-01   8.0000000e-01   9.0000000e-01   1.0000000e+00
  -1.0000000e+00  -9.0000000e-01  -8.0000000e-01  -7.0000000e-01  -6.0000000e-01  -5.0000000e-01  -4.0000000e-01  -3.0000000e-01  -2.0000000e-01  -1.0000000e-01   0.0000000e+00   1.0000000e-01   2.0000000e-01   3.0000000e-01   4.0000000e-01   5.0000000e-01   6.0000000e-01   7.0000000e-01   8.0000000e-01   9.0000000e-01   1.0000000e+00
  -1.0000000e+00  -9.0000000e-01  -8.0000000e-01  -7.0000000e-01  -6.0000000e-01  -5.0000000e-01  -4.0000000e-01  -3.0000000e-01  -2.0000000e-01  -1.0000000e-01   0.0000000e+00   1.0000000e-01   2.0000000e-01   3.0000000e-01   4.0000000e-01   5.0000000e-01   6.0000000e-01   7.0000000e-01   8.0000000e-01   9.0000000e-01   1.0000000e+00
  -1.0000000e+00  -9.0000000e-01  -8.0000000e-01  -7.0000000e-01  -6.0000000e-01  -5.0000000e-01  -4.0000000e-01  -3.0000000e-01  -2.0000000e-01  -1.0000000e-01   0.0000000e+00   1.0000000e-01   2.0000000e-01   3.0000000e-01   4.0000000e-01   5.0000000e-01   6.0000000e-01   7.0000000e-01   8.0000000e-01   9.0000000e-01   1.0000000e+00
  -1.0000000e+00  -9.0000000e-01  -8.0000000e-01  -7.0000000e-01  -6.0000000e-01  -5.0000000e-01  -4.0000000e-01  -3.0000000e-01  -2.0000000e-01  -1.0000000e-01   0.0000000e+00   1.0000000e-01   2.0000000e-01   3.0000000e-01   4.0000000e-01   5.0000000e-01   6.0000000e-01   7.0000000e-01   8.0000000e-01   9.0000000e-01   1.0000000e+00
  -1.0000000e+00  -9.0000000e-01  -8.0000000e-01  -7.0000000e-01  -6.0000000e-01  -5.0000000e-01  -4.0000000e-01  -3.0000000e-01  -2.0000000e-01  -1.0000000e-01   0.0000000e+00   1.0000000e-01   2.0000000e-01   3.0000000e-01   4.0000000e-01   5.0000000e-01   6.0000000e-01   7.0000000e-01   8.0000000e-01   9.0000000e-01   1.0000000e+00
  -1.0000000e+00  -9.0000000e-01  -8.0000000e-01  -7.0000000e-01  -6.0000000e-01  -5.0000000e-01  -4.0000000e-01  -3.0000000e-01  -2.0000000e-01  -1.0000000e-01   0.0000000e+00   1.0000000e-01   2.0000000e-01   3.0000000e-01   4.0000000e-01   5.0000000e-01   6.0000000e-01   7.0000000e-01   8.0000000e-01   9.0000000e-01   1.0000000e+00
  -1.0000000e+00  -1.0000000e+00  -1.0000000e+00  -1.0000000e+00  -1.0000000e+00  -1.0000000e+00  -1.0000000e+00  -1.0000000e+00  -1.0000000e+00  -1.0000000e+00  -1.0000000e+00  -1.0000000e+00  -1.0000000e+00  -1.0000000e+00  -1.0000000e+00  -1.0000000e+00  -1.0000000e+00  -1.0000000e+00  -1.0000000e+00  -1.0000000e+00  -1.0000000e+00
  -9.0000000e-01  -9.0000000e-01  -9.0000000e-01  -9.0000000e-01  -9.0000000e-01  -9.0000000e-01  -9.0000000e-01  -9.0000000e-01  -9.0000000e-01  -9.0000000e-01  -9.0000000e-01  -9.0000000e-01  -9.0000000e-01  -9.0000000e-01  -9.0000000e-01  -9.0000000e-01  -9.0000000e-01  -9.0000000e-01  -9.0000000e-01  -9.0000000e-01  -9.0000000e-01
  -8.0000000e-01  -8.0000000e-01  -8.0000000e-01  -8.0000000e-01  -8.0000000e-01  -8.0000000e-01  -8.0000000e-01  -8.0000000e-01  -8.0000000e-01  -8.0000000e-01  -8.0000000e-01  -8.0000000e-01  -8.0000000e-01  -8.0000000e-01  -8.0000000e-01  -8.0000000e-01  -8.0000000e-01  -8.0000000e-01  -8.0000000e-01  -8.0000000e-01  -8.0000000e-01
  -7.0000000e-01  -7.0000000e-01  -7.0000000e-01  -7.0000000e-01  -7.0000000e-01  -7.0000000e-01  -7.0000000e-01  -7.0000000e-01  -7.0000000e-01  -7.0000000e-01  -7.0000000e-01  -7.0000000e-01  -7.0000000e-01  -7.0000000e-01  -7.0000000e-01  -7.0000000e-01  -7.0000000e-01  -7.0000000e-01  -7.0000000e-01  -7.0000000e-01  -7.0000000e-01
  -6.0000000e-01  -6.0000000e-01  -6.0000000e-01  -6.0000000e-01  -6.0000000e-01  -6.0000000e-01  -6.0000000e-01  -6.0000000e-01  -6.0000000e-01  -6.0000000e-01  -6.0000000e-01  -6.0000000e-01  -6.0000000e-01  -6.0000000e-01  -6.0000000e-01  -6.0000000e-01  -6.0000000e-01  -6.0000000e-01  -6.0000000e-01  -6.0000000e-01  -6.0000000e-01
  -5.0000000e-01  -5.0000000e-01  -5.0000000e-01  -5.0000000e-01  -5.0000000e-01  -5.0000000e-01  -5.0000000e-01  -5.0000000e-01  -5.0000000e-01  -5.0000000e-01  -5.0000000e-01  -5.0000000e-01  -5.0000000e-01  -5.0000000e-01  -5.0000000e-01  -5.0000000e-01  -5.0000000e-01  -5.0000000e-01  -5.0000000e-01  -5.0000000e-01  -5.0000000e-01
  -4.0000000e-01  -4.0000000e-01  -4.0000000e-01  -4.0000000e-01  -4.0000000e-01  -4.0000000e-01  -4.0000000e-01  -4.0000000e-01  -4.0000000e-01  -4.0000000e-01  -4.0000000e-01  -4.0000000e-01  -4.0000000e-01  -4.0000000e-01  -4.0000000e-01  -4.0000000e-01  -4.0000000e-01  -4.0000000e-01  -4.0000000e-01  -4.0000000e-01  -4.0000000e-01
  -3.0000000e-01  -3.0000000e-01  -3.0000000e-01  -3.0000000e-01  -3.0000000e-01  -3.0000000e-01  -3.0000000e-01  -3.0000000e-01  -3.0000000e-01  -3.0000000e-01  -3.0000000e-01  -3.0000000e-01  -3.0000000e-01  -3.0000000e-01  -3.0000000e-01  -3.0000000e-01  -3.0000000e-01  -3.0000000e-01  -3.0000000e-01  -3.0000000e-01  -3.0000000e-01
  -2.0000000e-01  -2.0000000e-01  -2.0000000e-01  -2.0000000e-01  -2.0000000e-01  -2.0000000e-01  -2.0000000e-01  -2.0000000e-01  -2.0000000e-01  -2.0000000e-01  -2.0000000e-01  -2.0000000e-01  -2.0000000e-01  -2.0000000e-01  -2.0000000e-01  -2.0000000e-01  -2.0000000e-01  -2.0000000e-01  -2.0000000e-01  -2.0000000e-01  -2.0000000e-01
  -1.0000000e-01  -1.0000000e-01  -1.0000000e-01  -1.0000000e-01  -1.0000000e-01  -1.0000000e-01  -1.0000000e-01  -1.0000000e-01  -1.0000000e-01  -1.0000000e-01  -1.0000000e-01  -1.0000000e-01  -1.0000000e-01  -1.0000000e-01  -1.0000000e-01  -1.0000000e-01  -1.0000000e-01  -1.0000000e-01  -1.0000000e-01  -1.0000000e-01  -1.0000000e-01
   0.0000000e+00   0.0000000e+00   0.0000000e+00   0.0000000e+00   0.0000000e+00   0.0000000e+00   0.0000000e+00   0.0000000e+00   0.0000000e+00   0.0000000e+00   0.0000000e+00   0.0000000e+00   0.0000000e+00   0.0000000e+00   0.0000000e+00   0.0000000e+00   0.0000000e+00   0.0000000e+00   0.0000000e+00   0.0000000e+00   0.0000000e+00
   1.0000000e-01   1.0000000e-01   1.0000000e-01   1.0000000e-01   1.0000000e-01   1.0000000e-01   1.0000000e-01   1.0000000e-01   1.0000000e-01   1.0000000e-01   1.0000000e-01   1.0000000e-01   1.0000000e-01   1.0000000e-01   1.0000000e-01   1.0000000e-01   1.0000000e-01   1.0000000e-01   1.0000000e-01   1.0000000e-01   1.0000000e-01
   2.0000000e-01   2.0000000e-01   2.0000000e-01   2.0000000e-01   2.0000000e-01   2.0000000e-01   2.0000000e-01   2.0000000e-01   2.0000000e-01   2.0000000e-01   2.0000000e-01   2.0000000e-01   2.0000000e-01   2.0000000e-01   2.0000000e-01   2.0000000e-01   2.0000000e-01   2.0000000e-01   2.0000000e-01   2.0000000e-01   2.0000000e-01
   3.0000000e-01   3.0000000e-01   3.0000000e-01   3.0000000e-01   3.0000000e-01   3.0000000e-01   3.0000000e-01   3.0000000e-01   3.0000000e-01   3.0000000e-01   3.0000000e-01   3.0000000e-01   3.0000000e-01   3.0000000e-01   3.0000000e-01   3.0000000e-01   3.0000000e-01   3.0000000e-01   3.0000000e-01   3.0000000e-01   3.0000000e-01
   4.0000000e-01   4.0000000e-01   4.0000000e-01   4.0000000e-01   4.0000000e-01   4.0000000e-01   4.0000000e-01   4.0000000e-01   4.0000000e-01   4.0000000e-01   4.0000000e-01   4.0000000e-01   4.0000000e-01   4.0000000e-01   4.0000000e-01   4.0000000e-01   4.0000000e-01   4.0000000e-01   4.0000000e-01   4.0000000e-01   4.0000000e-01
   5.0000000e-01   5.0000000e-01   5.0000000e-01   5.0000000e-01   5.0000000e-01   5.0000000e-01   5.0000000e-01   5.0000000e-01   5.0000000e-01   5.0000000e-01   5.0000000e-01   5.0000000e-01   5.0000000e-01   5.0000000e-01   5.0000000e-01   5.0000000e-01   5.0000000e-01   5.0000000e-01   5.0000000e-01   5.0000000e-01   5.0000000e-01
   6.0000000e-01   6.0000000e-01   6.0000000e-01   6.0000000e-01   6.0000000e-01   6.0000000e-01   6.0000000e-01   6.0000000e-01   6.0000000e-01   6.0000000e-01   6.0000000e-01   6.0000000e-01   6.0000000e-01   6.0000000e-01   6.0000000e-01   6.0000000e-01   6.0000000e-01   6.0000000e-01   6.0000000e-01   6.0000000e-01   6.0000000e-01
   7.0000000e-01   7.0000000e-01   7.0000000e-01   7.0000000e-01   7.0000000e-01   7.0000000e-01   7.0000000e-01   7.0000000e-01   7.0000000e-01   7.0000000e-01   7.0000000e-01   7.0000000e-01   7.0000000e-01   7.0000000e-01   7.0000000e-01   7.0000000e-01   7.0000000e-01   7.0000000e-01   7.0000000e-01   7.0000000e-01   7.0000000e-01
   8.0000000e-01   8.0000000e-01   8.0000000e-01   8.0000000e-01   8.0000000e-01   8.0000000e-01   8.0000000e-01   8.0000000e-01   8.0000000e-01   8.0000000e-01   8.0000000e-01   8.0000000e-01   8.0000000e-01   8.0000000e-01   8.0000000e-01   8.0000000e-01   8.0000000e-01   8.0000000e-01   8.0000000e-01   8.0000000e-01   8.0000000e-01
   9.0000000e-01   9.0000000e-01   9.0000000e-01   9.0000000e-01   9.0000000e-01   9.0000000e-01   9.0000000e-01   9.0000000e-01   9.0000000e-01   9.0000000e-01   9.0000000e-01   9.0000000e-01   9.0000000e-01   9.0000000e-01   9.0000000e-01   9.0000000e-01   9.0000000e-01   9.0000000e-01   9.0000000e-01   9.0000000e-01   9.0000000e-01
   1.0000000e+00   1.0000000e+00   1.0000000e+00   1.0000000e+00   1.0000000e+00   1.0000000e+00   1.0000000e+00   1.0000000e+00   1.0000000e+00   1.0000000e+00   1.0000000e+00   1.0000000e+00   1.0000000e+00   1.0000000e+00   1.0000000e+00   1.0000000e+00   1.0000000e+00   1.0000000e+00   1.0000000e+00   1.0000000e+00   1.0000000e+00
  -2.1067570e+01  -1.7172284e+01  -1.3276998e+01  -9.3817123e+00  -5.4864263e+00  -1.5911403e+00   2.3041457e+00   6.1994318e+00   1.0094718e+01   1.3990004e+01   1.7885290e+01   2.1780576e+01   2.5675862e+01   2.9571148e+01   3.3466434e+01   3.7361720e+01   4.1257006e+01   4.5152292e+01   4.9047578e+01   5.2942864e+01   5.6838150e+01
  -2.1127738e+01  -1.7232452e+01  -1.3337166e+01  -9.4418797e+00  -5.5465937e+00  -1.6513077e+00   2.2439783e+00   6.1392644e+00   1.0034550e+01   1.3929836e+01   1.7825122e+01   2.1720408e+01   2.5615694e+01   2.9510980e+01   3.3406266e+01   3.7301553e+01   4.1196839e+01   4.5092125e+01   4.8987411e+01   5.2882697e+01   5.6777983e+01
  -2.1187905e+01  -1.7292619e+01  -1.3397333e+01  -9.5020471e+00  -5.6067611e+00  -1.7114751e+00   2.1838110e+00   6.0790970e+00   9.9743830e+00   1.3869669e+01   1.7764955e+01   2.1660241e+01   2.5555527e+01   2.9450813e+01   3.3346099e+01   3.7241385e+01   4.1136671e+01   4.5031957e+01   4.8927243e+01   5.2822529e+01   5.6717815e+01
  -2.1248073e+01  -1.7352787e+01  -1.3457501e+01  -9.5622145e+00  -5.6669285e+00  -1.7716425e+00   2.1236436e+00   6.0189296e+00   9.9142156e+00   1.3809502e+01   1.7704788e+01   2.1600074e+01   2.5495360e+01   2.9390646e+01   3.3285932e+01   3.7181218e+01   4.1076504e+01   4.4971790e+01   4.8867076e+01   5.2762362e+01   5.6657648e+01
  -2.1308240e+01  -1.7412954e+01  -1.3517668e+01  -9.6223819e+00  -5.7270959e+00  -1.8318098e+00   2.0634762e+00   5.9587622e+00   9.8540482e+00   1.3749334e+01   1.7644620e+01   2.1539906e+01   2.5435192e+01   2.9330478e+01   3.3225764e+01   3.7121050e+01   4.1016336e+01   4.4911622e+01   4.8806908e+01   5.2702194e+01   5.6597480e+01
  -2.1368407e+01  -1.7473121e+01  -1.3577835e+01  -9.6825493e+00  -5.7872632e+00  -1.8919772e+00   2.0033088e+00   5.8985948e+00   9.7938808e+00   1.3689167e+01   1.7584453e+01   2.1479739e+01   2.5375025e+01   2.9270311e+01   3.3165597e+01   3.7060883e+01   4.0956169e+01   4.4851455e+01   4.8746741e+01   5.2642027e+01   5.6537313e+01
  -2.1428575e+01  -1.7533289e+01  -1.3638003e+01  -9.7427167e+00  -5.8474306e+00  -1.9521446e+00   1.9431414e+00   5.8384274e+00   9.7337134e+00   1.3628999e+01   1.7524285e+01   2.1419571e+01   2.5314858e+01   2.9210144e+01   3.3105430e+01   3.7000716e+01   4.0896002e+01   4.4791288e+01   4.8686574e+01   5.2581860e+01   5.6477146e+01
  -2.1488742e+01  -1.7593456e+01  -1.3698170e+01  -9.8028840e+00  -5.9075980e+00  -2.0123120e+00   1.8829740e+00   5.7782600e+00   9.6735460e+00   1.3568832e+01   1.7464118e+01   2.1359404e+01   2.5254690e+01   2.9149976e+01   3.3045262e+01   3.6940548e+01   4.0835834e+01   4.4731120e+01   4.8626406e+01   5.2521692e+01   5.6416978e+01
  -2.1548909e+01  -1.7653623e+01  -1.3758337e+01  -9.8630514e+00  -5.9677654e+00  -2.0724794e+00   1.8228066e+00   5.7180926e+00   9.6133787e+00   1.3508665e+01   1.7403951e+01   2.1299237e+01   2.5194523e+01   2.9089809e+01   3.2985095e+01   3.6880381e+01   4.0775667e+01   4.4670953e+01   4.8566239e+01   5.2461525e+01   5.6356811e+01
  -2.1609077e+01  -1.7713791e+01  -1.3818505e+01  -9.9232188e+00  -6.0279328e+00  -2.1326468e+00   1.7626392e+00   5.6579252e+00   9.5532113e+00   1.3448497e+01   1.7343783e+01   2.1239069e+01   2.5134355e+01   2.9029641e+01   3.2924927e+01   3.6820213e+01   4.0715499e+01   4.4610785e+01   4.8506071e+01   5.2401357e+01   5.6296643e+01
  -2.1669244e+01  -1.7773958e+01  -1.3878672e+01  -9.9833862e+00  -6.0881002e+00  -2.1928142e+00   1.7024718e+00   5.5977579e+00   9.4930439e+00   1.3388330e+01   1.7283616e+01   2.1178902e+01   2.5074188e+01   2.8969474e+01   3.2864760e+01   3.6760046e+01   4.0655332e+01   4.4550618e+01   4.8445904e+01   5.2341190e+01   5.6236476e+01
  -2.1729412e+01  -1.7834126e+01  -1.3938840e+01  -1.0043554e+01  -6.1482676e+00  -2.2529816e+00   1.6423045e+00   5.5375905e+00   9.4328765e+00   1.3328163e+01   1.7223449e+01   2.1118735e+01   2.5014021e+01   2.8909307e+01   3.2804593e+01   3.6699879e+01   4.0595165e+01   4.4490451e+01   4.8385737e+01   5.2281023e+01   5.6176309e+01
  -2.1789579e+01  -1.7894293e+01  -1.3999007e+01  -1.0103721e+01  -6.2084350e+00  -2.3131490e+00   1.5821371e+00   5.4774231e+00   9.3727091e+00   1.3267995e+01   1.7163281e+01   2.1058567e+01   2.4953853e+01   2.8849139e+01   3.2744425e+01   3.6639711e+01   4.0534997e+01   4.4430283e+01   4.8325569e+01   5.2220855e+01   5.6116141e+01
  -2.1849746e+01  -1.7954460e+01  -1.4059174e+01  -1.0163888e+01  -6.2686024e+00  -2.3733163e+00   1.5219697e+00   5.4172557e+00   9.3125417e+00   1.3207828e+01   1.7103114e+01   2.0998400e+01   2.4893686e+01   2.8788972e+01   3.2684258e+01   3.6579544e+01   4.0474830e+01   4.4370116e+01   4.8265402e+01   5.2160688e+01   5.6055974e+01
  -2.1909914e+01  -1.8014628e+01  -1.4119342e+01  -1.0224056e+01  -6.3287698e+00  -2.4334837e+00   1.4618023e+00   5.3570883e+00   9.2523743e+00   1.3147660e+01   1.7042946e+01   2.0938232e+01   2.4833518e+01   2.8728804e+01   3.2624090e+01   3.6519376e+01   4.0414662e+01   4.4309948e+01   4.8205235e+01   5.2100521e+01   5.5995807e+01
  -2.1970081e+01  -1.8074795e+01  -1.4179509e+01  -1.0284223e+01  -6.3889371e+00  -2.4936511e+00   1.4016349e+00   5.2969209e+00   9.1922069e+00   1.3087493e+01   1.6982779e+01   2.0878065e+01   2.4773351e+01   2.8668637e+01   3.2563923e+01   3.6459209e+01   4.0354495e+01   4.4249781e+01   4.8145067e+01   5.2040353e+01   5.5935639e+01
  -2.2030249e+01  -1.8134963e+01  -1.4239677e+01  -1.0344391e+01  -6.4491045e+00  -2.5538185e+00   1.3414675e+00   5.2367535e+00   9.1320395e+00   1.3027326e+01   1.6922612e+01   2.0817898e+01   2.4713184e+01   2.8608470e+01   3.2503756e+01   3.6399042e+01   4.0294328e+01   4.4189614e+01   4.8084900e+01   5.1980186e+01   5.5875472e+01
  -2.2090416e+01  -1.8195130e+01  -1.4299844e+01  -1.0404558e+01  -6.5092719e+00  -2.6139859e+00   1.2813001e+00   5.1765861e+00   9.0718722e+00   1.2967158e+01   1.6862444e+01   2.0757730e+01   2.4653016e+01   2.8548302e+01   3.2443588e+01   3.6338874e+01   4.0234160e+01   4.4129446e+01   4.8024732e+01   5.1920018e+01   5.5815304e+01
  -2.2150583e+01  -1.8255297e+01  -1.4360011e+01  -1.0464725e+01  -6.5694393e+00  -2.6741533e+00   1.2211327e+00   5.1164187e+00   9.0117048e+00   1.2906991e+01   1.6802277e+01   2.0697563e+01   2.4592849e+01   2.8488135e+01   3.2383421e+01   3.6278707e+01   4.0173993e+01   4.4069279e+01   4.7964565e+01   5.1859851e+01   5.5755137e+01
  -2.2210751e+01  -1.8315465e+01  -1.4420179e+01  -1.0524893e+01  -6.6296067e+00  -2.7343207e+00   1.1609653e+00   5.0562514e+00   8.9515374e+00   1.2846823e+01   1.6742109e+01   2.0637395e+01   2.4532681e+01   2.8427967e+01   3.2323253e+01   3.6218539e+01   4.0113826e+01   4.4009112e+01   4.7904398e+01   5.1799684e+01   5.5694970e+01
  -2.2270918e+01  -1.8375632e+01  -1.4480346e+01  -1.0585060e+01  -6.6897741e+00  -2.7944881e+00   1.1007979e+00   4.9960840e+00   8.8913700e+00   1.2786656e+01   1.6681942e+01   2.0577228e+01   2.4472514e+01   2.8367800e+01   3.2263086e+01   3.6158372e+01   4.0053658e+01   4.3948944e+01   4.7844230e+01   5.1739516e+01   5.5634802e+01
